Z_Leg: [-0.4529913333390667, 0.5458618107645938, 0.164950612559015]
Y_Leg: [-2.635120270708511, -10.312362037876419, -5.350296589119512]
X_Leg: [-0.8490453347170999, -1.6311894389657788, -1.6820727649217475]
Z_Arm: [-1.6402273523637878, -6.708124398534356, -3.8717214051645623]
Y_Arm: [-0.3420747159275257, -1.0119461379770227, -0.4094107188609062]
X_Arm: [-0.9434822470283133, -0.024921648163988452, -0.6612769565357715]
