Z_Leg: [0.21003087011540644, -0.08256584376835807, -0.6345990450309196]
Y_Leg: [0.0809207762060149, -1.057202239269032, -1.9213672131734416]
X_Leg: [0.5754559654405484, 0.45769499598825203, 0.49600374171132167]
Z_Arm: [-0.1822206159151769, -0.3350749322292681, -0.6871037921415186]
Y_Arm: [-0.46310308313346105, -0.8743909170282815, -0.7154850830162711]
X_Arm: [0.3641992605709594, 0.1931041747878689, 0.16277762450756816]
