Z_Leg: [-0.9591294207023546, -0.8766308165997878, -1.5647944855742475]
Y_Leg: [-1.4604480992279893, -1.3577861706153498, -1.5862815089486957]
X_Leg: [-1.1275137706789655, -1.9153155469726255, -0.9833555793690771]
Z_Arm: [-22.40975419184697, -30.28582049975746, -16.979200794770247]
Y_Arm: [-0.3784390781553868, 0.03534496741925963, 0.019281568846088337]
X_Arm: [-12.212723520523483, -17.788188612098512, -12.296375193230396]
