Z_Leg: [-0.2638719118974484, -1.2329630626695858, -0.5637548764360769]
Y_Leg: [0.041673417416056346, -0.09835941784746893, -0.8959189295139129]
X_Leg: [-1.1895638458808127, -1.0116598705759596, -0.5510563434160818]
Z_Arm: [-1.5080108440606441, -0.7159427809331753, -0.9585413935662965]
Y_Arm: [-0.6894534134807258, -0.04588066176799477, 0.10703302948256732]
X_Arm: [-0.6778027309948984, -1.8736389601206875, -1.6725026326704424]
