Z_Leg: [-1.8554706713152718, -1.060089131561449, -2.247544636256695]
Y_Leg: [-4.712228378843277, -23.609511216993134, -7.850749034030233]
X_Leg: [-25.84950991671597, -22.206277785836456, -22.25196727323073]
Z_Arm: [-4.811487442301695, -2.9014491538589153, -3.9474334105888387]
Y_Arm: [-1.100974983245138, -6.887110609604666, -1.3189677619068898]
X_Arm: [-11.464972024252646, -7.063353599659633, -9.45049115304914]
