Z_Leg: [0.6492647430801226, 0.6329292680308214, 0.5485713111986623]
Y_Leg: [-0.2983415007527179, -0.38122230441168115, -0.8910443791202249]
X_Leg: [-0.18465144424067637, -1.01849506305658, -0.2597568448723666]
Z_Arm: [-0.9703631152549095, -3.4042677237059644, -2.410929400149281]
Y_Arm: [-0.3800836204217617, -0.838655870459946, -0.5262045630950865]
X_Arm: [-1.7408414106586645, -2.010479743782057, -1.852851587428277]
