Z_Leg: [0.5348537060315074, -0.23783653312314312, 0.5680805797738846]
Y_Leg: [-0.9931093379163882, -0.9631924794409352, -0.7848961266381833]
X_Leg: [0.511665005459189, 0.41806108204138315, 0.5677264656508685]
Z_Arm: [-0.7887275600433346, -1.107650420144143, -1.6204834293942345]
Y_Arm: [-0.04975689897190505, -1.5438403539455599, -1.2141160376544353]
X_Arm: [0.1881964948675663, -1.0243556635710194, 0.31383351900784195]
