Z_Leg: [0.2709486361363179, 0.42966073650996917, 0.5036823377102109]
Y_Leg: [-0.41215340211757745, -2.5411432860713363, -1.0583408585225347]
X_Leg: [-0.6223506629241977, -3.93494151356255, -1.950487300353143]
Z_Arm: [-1.0112329333564163, -0.3948677294753462, -1.2942273770088493]
Y_Arm: [-2.14366534215645, -4.810586757210605, -7.511550977202717]
X_Arm: [-0.06210851696920594, -1.2099768400918078, -0.27466506567735993]
