Z_Leg: [0.4384459891056338, -0.8811781305936115, -0.2872037949600046]
Y_Leg: [-0.3558586183485235, -1.3537603701900958, -0.2708759864295005]
X_Leg: [0.5055150038256363, -0.1847429957841915, -0.1615844548683507]
Z_Arm: [-5.323996718121211, -25.58165238785574, -20.057031436754894]
Y_Arm: [-0.0846799831492746, -3.1633532920638032, -2.419331573695074]
X_Arm: [0.40429595776152005, -0.5363417785233424, -1.0817616821679676]
