Z_Leg: [-3.9489093307490295, -0.34276690782859087, -1.8445741536838898]
Y_Leg: [0.3514660618755524, 0.5919297854704479, 0.26563837220280506]
X_Leg: [0.411492147881936, 0.4547338017403755, -0.45814719354360167]
Z_Arm: [-1.1805043655733893, -0.5210618477613853, -1.8519936467906466]
Y_Arm: [0.2519415783352196, 0.71956976246836, 0.6597569231599578]
X_Arm: [-1.1826379335322272, -0.39876024526105835, -1.1129363594882151]
