Z_Leg: [-2.7155982278229587, -5.160432186277552, -7.803759139256535]
Y_Leg: [-2.134289209868103, -1.6333127414893682, -2.2229040156849265]
X_Leg: [-1.16501277855693, -0.7875292220849526, -0.9301839253691981]
Z_Arm: [-1.2545613776683613, -2.7897799669465333, -1.7866475802716222]
Y_Arm: [-4.754027335902255, -3.3456350560930375, -4.832367670780988]
X_Arm: [-5.095916221114809, -3.158693574832295, -5.567426656287084]
