Z_Leg: [-1.0957035147143324, -0.8328685118081331, -0.04164491661009806]
Y_Leg: [-3.3804899169816114, -2.3171329481817486, -1.8513249508738703]
X_Leg: [-2.5392494835916093, -1.54077662148971, -1.5287929559756845]
Z_Arm: [-3.332576405338685, -1.1999962604940255, -1.0547963360399177]
Y_Arm: [-0.2530912950802233, 0.028415010427411014, 0.2079380910863723]
X_Arm: [-3.600051413637444, -2.326629327071054, -3.784253430444494]
