Z_Leg: [-2.7489067924107635, -2.7076504362358755, -2.3576797426613805]
Y_Leg: [0.4056083372050153, 0.15062387162880386, 0.15018472136235017]
X_Leg: [-2.2874694518650505, -1.8117760679854844, -2.217194640028516]
Z_Arm: [-3.2252762423380164, -4.21624483056206, -4.493680809883867]
Y_Arm: [-0.2607066127184896, -0.12992298193325458, 0.19742581199336773]
X_Arm: [-7.408373078373909, -7.734441447239767, -4.847992080356172]
